export const projects = [
  {
    id: "pemetaan-kawasan-hutan",
    title: 'Pemetaan Kawasan Hutan Lindung',
    location: 'Kalimantan Timur',
    year: '2024',
    category: 'GIS & Kehutanan',
    description: 'Pemetaan detail kawasan hutan lindung seluas 25.000 hektar menggunakan teknologi drone dan satelit. Proyek ini bertujuan untuk mengidentifikasi batas-batas kawasan lindung, memetakan potensi keanekaragaman hayati, dan memantau laju deforestasi.',
    image: 'https://images.unsplash.com/photo-1448375240586-882707db888b?w=1200&h=800&fit=crop',
    gallery: [
      'https://images.unsplash.com/photo-1448375240586-882707db888b?w=1200&h=800&fit=crop',
      'https://images.unsplash.com/photo-1465146344425-f00d5f5c8f07?w=1200&h=800&fit=crop',
      'https://images.unsplash.com/photo-1542273917363-3b1817f69a2d?w=1200&h=800&fit=crop'
    ],
    client: 'Kementerian Lingkungan Hidup dan Kehutanan',
    duration: '6 Bulan',
    coordinates: { lat: 0.9000, lng: 116.3000 },
  },
  {
    id: "survey-topografi-infrastruktur",
    title: 'Survey Topografi Infrastruktur',
    location: 'Sulawesi Selatan',
    year: '2024',
    category: 'Survey',
    description: 'Survey topografi untuk pembangunan jalan lintas provinsi sepanjang 120 kilometer. Kami menggunakan perpaduan teknologi LiDAR dan pengukuran terestrial untuk mendapatkan data kontur yang sangat akurat.',
    image: 'https://images.unsplash.com/photo-1586348943529-beaae6c28db9?w=1200&h=800&fit=crop',
    gallery: [
      'https://images.unsplash.com/photo-1586348943529-beaae6c28db9?w=1200&h=800&fit=crop',
      'https://images.unsplash.com/photo-1502082553048-f009c37129b9?w=1200&h=800&fit=crop',
      'https://images.unsplash.com/photo-1551288049-bebda4e38f71?w=1200&h=800&fit=crop'
    ],
    client: 'Dinas Pekerjaan Umum',
    duration: '4 Bulan',
    coordinates: { lat: -4.0500, lng: 119.9000 },
  },
  {
    id: "inventarisasi-tegakan-hutan",
    title: 'Inventarisasi Tegakan Hutan',
    location: 'Sumatera Utara',
    year: '2023',
    category: 'Kehutanan',
    description: 'Inventarisasi tegakan dan analisis potensi kayu pada konsesi hutan produksi. Proyek ini melibatkan pengukuran diameter dan tinggi pohon, penentuan volume tegakan, serta penyusunan rencana kelola pemanenan.',
    image: 'https://images.unsplash.com/photo-1542273917363-3b1817f69a2d?w=1200&h=800&fit=crop',
    gallery: [
      'https://images.unsplash.com/photo-1542273917363-3b1817f69a2d?w=1200&h=800&fit=crop',
      'https://images.unsplash.com/photo-1448375240586-882707db888b?w=1200&h=800&fit=crop',
      'https://images.unsplash.com/photo-1465146344425-f00d5f5c8f07?w=1200&h=800&fit=crop'
    ],
    client: 'PT Perhutani Rimba',
    duration: '8 Bulan',
    coordinates: { lat: 2.1154, lng: 99.5451 },
  },
  {
    id: "sistem-webgis-monitoring",
    title: 'Sistem WebGIS Monitoring',
    location: 'Jakarta',
    year: '2023',
    category: 'Development',
    description: 'Pengembangan sistem WebGIS terintegrasi untuk monitoring real-time kawasan konservasi. Sistem ini dilengkapi dashboard analitik, pelaporan titik panas (hotspot), dan sistem peringatan dini kebakaran hutan.',
    image: 'https://images.unsplash.com/photo-1551288049-bebda4e38f71?w=1200&h=800&fit=crop',
    gallery: [
      'https://images.unsplash.com/photo-1551288049-bebda4e38f71?w=1200&h=800&fit=crop',
      'https://images.unsplash.com/photo-1586348943529-beaae6c28db9?w=1200&h=800&fit=crop',
      'https://images.unsplash.com/photo-1502082553048-f009c37129b9?w=1200&h=800&fit=crop'
    ],
    client: 'WWF Indonesia',
    duration: '12 Bulan',
    coordinates: { lat: -6.2088, lng: 106.8456 },
  },
];
